40311
40312
40417
40432
40599
40627
40717
40887
41414
41428
41450
41464
41465
41481
41482
41488
41496
41500
41523
41526
41532
41534
41539
41541
41553
41566
41618
41625
41647
41791
41813
42134
42187
42210
43142
43151
43366
43450
44546
44576
44587
44697
45066
45176
45316
45549
45568
45664
45952
46168
46170
46245
46531
46607
46692
46699
47144
74113
74144
74197
74409
74620
74706
74710
74776
74787
74890
74892
75013
75053
75126
81925
118552
123070
144409
569428
706551
765460
765461
765464
765471
765472
765499
778480
785254
885018
887384
897943
897944
922738
1264418
1279886
1279890
1351388
1370694
1370867
1419841
1578442